#Se guardan cambios
#Thu Aug 01 12:28:15 COT 2013
DUPLICADOS_JULIAN=0         T         F         F   -888888   -888888
QC21_22=-888888.00000      0\n
LINEA3_4=-777777.00000      0-777777.00000      0      1.00000      0-888888.00000      0-888888.00000      0-888888.00000      0-888888.00000      0-888888.00000      0-888888.00000      0-888888.00000      0\n      1      0      0
FUENTE=
QC15_16=-888888.00000      0
QC18_20=-888888.00000      0-888888.00000      0
VALID_ERROR_WARNING=6         0         0
QC1_4=-888888.00000      0-888888.00000      0-888888.00000      0
QC8_12_SALTOLINEA=-888888.00000      0-888888.00000      0-888888.00000      0-888888.00000      0-888888.00000      0\n
